Cylinders: 
Radius: 3.1 height: 2.3 volume: 69.4386 area: 105.181
Radius: 5.1 height: 2.2 volume: 179.768 area: 233.923
Radius: 7.2 height: 1.1 volume: 179.146 area: 375.483
Radius: 5.1 height: 2.9 volume: 236.967 area: 256.354
Radius: 3.9 height: 6.1 volume: 291.48 area: 245.044
Sorted by volume: 
Radius: 3.9 height: 6.1 volume: 291.48 area: 245.044
Radius: 5.1 height: 2.9 volume: 236.967 area: 256.354
Radius: 5.1 height: 2.2 volume: 179.768 area: 233.923
Radius: 7.2 height: 1.1 volume: 179.146 area: 375.483
Radius: 3.1 height: 2.3 volume: 69.4386 area: 105.181
